0 -0.0078125r
100 0.484375
200 0.757812
300 0.609375
400 0.0546875
500 -0.578125
600 -0.78125
700 -0.289062
800 0.492188
900 0.75
1000 0.109375
1100 -0.695312
1200 -0.570312
1300 0.382812
1400 0.726562
1500 -0.179688
1600 -0.78125
1700 0.078125
1800 0.757812
1900 -0.195312
2000 -0.734375
2100 0.414062
2200 0.515625
2300 -0.71875
2400 -0.078125
2500 0.726562
2600 -0.570312
2700 -0.210938
2800 0.734375
2900 -0.648438
3000 0.03125
3100 0.539062
3200 -0.789062
3300 0.578125
3400 -0.15625
3500 -0.335938
3600 0.640625
3700 -0.789062
3800 0.710938
3900 -0.5625
4000 0.320312
4100 -0.132812
4200 -0.078125
4300 0.195312
4400 -0.3125
4500 0.34375
4600 -0.382812
4700 0.335938
4800 -0.296875
4900 0.164062
5000 -0.0390625
5100 -0.179688
5200 0.375
5300 -0.609375
5400 0.742188
5500 -0.78125
5600 0.578125
5700 -0.234375
5800 -0.273438
5900 0.65625
6000 -0.78125
6100 0.421875
6200 0.1875
6300 -0.726562
6400 0.65625
6500 -0.0234375
6600 -0.6875
6700 0.632812
6800 0.140625
6900 -0.78125
7000 0.320312
7100 0.601562
7200 -0.601562
7300 -0.445312
7400 0.671875
7500 0.359375
7600 -0.6875
7700 -0.460938
7800 0.554688
7900 0.625
8000 -0.289062
8100 -0.789062
8200 -0.242188
8300 0.578125
8400 0.710938
8500 0.09375
8600 -0.601562
8700 -0.773438
8800 -0.359375
8900 0.273438
9000 0.703125
9100 0.734375
9200 0.429688
9300 -0.0234375
9400 -0.4375
9500 -0.703125
9600 -0.789062
9700 -0.742188
9800 -0.601562
9900 -0.4375
10000 -0.273438
10100 -0.132812
10200 -0.03125
10300 0.0234375
10400 0.0390625
10500 0.0078125
10600 -0.0625
10700 -0.171875
10800 -0.320312
10900 -0.492188
11000 -0.65625
11100 -0.765625
11200 -0.78125
11300 -0.640625
11400 -0.320312
11500 0.117188
11600 0.546875
11700 0.765625
11800 0.609375
11900 0.0859375
12000 -0.53125
12100 -0.789062
12200 -0.421875
12300 0.328125
12400 0.765625
12500 0.367188
12600 -0.5
12700 -0.75
12800 0.0234375
12900 0.757812
13000 0.273438
13100 -0.695312
13200 -0.4375
13300 0.640625
13400 0.398438
13500 -0.710938
13600 -0.257812
13700 0.765625
13800 -0.117188
13900 -0.71875
14000 0.554688
14100 0.257812
14200 -0.789062
14300 0.460938
14400 0.257812
14500 -0.757812
14600 0.632812
14700 -0.125
14800 -0.476562
14900 0.75
15000 -0.71875
15100 0.367188
15200 0.03125
15300 -0.421875
15400 0.648438
15500 -0.78125
15600 0.757812
15700 -0.710938
15800 0.585938
15900 -0.515625
16000 0.414062
16100 -0.390625
16200 0.351562
16300 -0.40625
16400 0.4375
16500 -0.554688
16600 0.632812
16700 -0.742188
16800 0.765625
16900 -0.757812
17000 0.570312
17100 -0.289062
17200 -0.132812
17300 0.515625
17400 -0.78125
17500 0.679688
17600 -0.273438
17700 -0.359375
17800 0.742188
17900 -0.640625
18000 -0.0390625
18100 0.664062
18200 -0.679688
18300 -0.0859375
18400 0.734375
18500 -0.484375
18600 -0.476562
18700 0.703125
18800 0.164062
18900 -0.789062
19000 -0.0390625
19100 0.765625
19200 0.03125
19300 -0.78125
19400 -0.242188
19500 0.671875
19600 0.523438
19700 -0.390625
19800 -0.78125
19900 -0.226562
20000 0.5625
20100 0.734375
20200 0.210938
20300 -0.484375
20400 -0.789062
20500 -0.5625
20600 -0.015625
20700 0.5
20800 0.757812
20900 0.703125
21000 0.429688
21100 0.0625
21200 -0.28125
21300 -0.539062
21400 -0.703125
21500 -0.78125
21600 -0.789062
21700 -0.773438
21800 -0.75
21900 -0.734375
22000 -0.726562
22100 -0.734375
22200 -0.765625
22300 -0.789062
22400 -0.789062
22500 -0.75
22600 -0.640625
22700 -0.4375
22800 -0.132812
22900 0.234375
23000 0.578125
23100 0.765625
23200 0.679688
23300 0.28125
23400 -0.289062
23500 -0.726562
23600 -0.71875
23700 -0.1875
23800 0.515625
23900 0.757812
24000 0.234375
24100 -0.570312
24200 -0.726562
24300 0.046875
24400 0.75
24500 0.320312
24600 -0.648438
24700 -0.539062
24800 0.523438
24900 0.5625
25000 -0.5625
25100 -0.507812
25200 0.65625
25300 0.242188
25400 -0.789062
25500 0.171875
25600 0.632812
25700 -0.679688
25800 -0.0703125
25900 0.6875
26000 -0.679688
26100 0.0703125
26200 0.539062
26300 -0.789062
26400 0.53125
26500 -0.046875
26600 -0.460938
26700 0.726562
26800 -0.773438
26900 0.578125
27000 -0.328125
27100 0.0078125
27200 0.226562
27300 -0.453125
27400 0.5625
27500 -0.671875
27600 0.695312
27700 -0.734375
27800 0.71875
27900 -0.726562
28000 0.671875
28100 -0.632812
28200 0.5
28300 -0.351562
28400 0.09375
28500 0.164062
28600 -0.484375
28700 0.695312
28800 -0.789062
28900 0.601562
29000 -0.21875
29100 -0.335938
29200 0.710938
29300 -0.726562
29400 0.226562
29500 0.429688
29600 -0.789062
29700 0.40625
29800 0.367188
29900 -0.789062
30000 0.242188
30100 0.601562
30200 -0.648438
30300 -0.3125
30400 0.75
30500 0.0625
30600 -0.789062
30700 -0.03125
30800 0.765625
30900 0.117188
31000 -0.757812
31100 -0.398438
31200 0.546875
31300 0.679688
31400 -0.101562
31500 -0.757812
31600 -0.5625
31700 0.1875
31800 0.726562
31900 0.632812
32000 0.0625
32100 -0.53125
32200 -0.789062
32300 -0.632812
32400 -0.21875
32500 0.25
32600 0.59375
32700 0.757812
32800 0.742188
32900 0.609375
33000 0.414062
33100 0.21875
33200 0.046875
33300 -0.09375
33400 -0.179688
33500 -0.234375
33600 -0.242188
33700 -0.203125
33800 -0.132812
33900 -0.015625
34000 0.148438
34100 0.335938
34200 0.539062
34300 0.703125
34400 0.765625
34500 0.679688
34600 0.40625
34700 -0.03125
34800 -0.492188
34900 -0.773438
35000 -0.679688
35100 -0.1875
35200 0.445312
35300 0.765625
35400 0.453125
35500 -0.304688
35600 -0.789062
35700 -0.429688
35800 0.445312
35900 0.734375
36000 -0.015625
36100 -0.773438
36200 -0.3125
36300 0.671875
36400 0.414062
36500 -0.664062
36600 -0.414062
36700 0.695312
36800 0.210938
36900 -0.789062
37000 0.132812
37100 0.671875
37200 -0.609375
37300 -0.226562
37400 0.757812
37500 -0.53125
37600 -0.203125
37700 0.710938
37800 -0.703125
37900 0.195312
38000 0.367188
38100 -0.742188
38200 0.734375
38300 -0.492188
38400 0.078125
38500 0.28125
38600 -0.585938
38700 0.71875
38800 -0.789062
38900 0.742188
39000 -0.703125
39100 0.609375
39200 -0.570312
39300 0.515625
39400 -0.53125
39500 0.53125
39600 -0.609375
39700 0.65625
39800 -0.75
39900 0.765625
40000 -0.765625
40100 0.625
40200 -0.40625
40300 0.0234375
40400 0.351562
40500 -0.695312
40600 0.757812
40700 -0.53125
40800 -0.0234375
40900 0.5625
41000 -0.789062
41100 0.390625
41200 0.304688
41300 -0.789062
41400 0.445312
41500 0.367188
41600 -0.789062
41700 0.15625
41800 0.679688
41900 -0.523438
42000 -0.507812
42100 0.648438
42200 0.367188
42300 -0.695312
42400 -0.421875
42500 0.609375
42600 0.546875
42700 -0.421875
42800 -0.757812
42900 -0.03125
43000 0.710938
43100 0.5625
43200 -0.21875
43300 -0.765625
43400 -0.601562
43500 0.046875
43600 0.625
43700 0.757812
43800 0.4375
43900 -0.09375
44000 -0.546875
44100 -0.773438
44200 -0.75
44300 -0.539062
44400 -0.242188
44500 0.0546875
44600 0.304688
44700 0.492188
44800 0.609375
44900 0.679688
45000 0.71875
45100 0.734375
45200 0.734375
45300 0.71875
45400 0.695312
45500 0.632812
45600 0.523438
45700 0.351562
45800 0.117188
45900 -0.171875
46000 -0.46875
46100 -0.710938
46200 -0.789062
46300 -0.625
46400 -0.210938
46500 0.320312
46600 0.710938
46700 0.703125
46800 0.210938
46900 -0.476562
47000 -0.789062
47100 -0.398438
47200 0.40625
47300 0.765625
47400 0.195312
47500 -0.65625
47600 -0.609375
47700 0.34375
47800 0.734375
47900 -0.164062
48000 -0.789062
48100 0.09375
48200 0.757812
48300 -0.226562
48400 -0.71875
48500 0.460938
48600 0.460938
48700 -0.75
48800 0.0234375
48900 0.6875
49000 -0.648438
49100 -0.078125
49200 0.671875
49300 -0.726562
49400 0.203125
49500 0.390625
49600 -0.765625
49700 0.695312
49800 -0.375
49900 -0.109375
50000 0.46875
50100 -0.726562
50200 0.765625
50300 -0.726562
50400 0.5625
50500 -0.421875
50600 0.242188
50700 -0.140625
50800 0.03125
50900 -0.0078125
51000 -0.015625
51100 -0.046875
51200 0.101562
51300 -0.242188
51400 0.375
51500 -0.5625
51600 0.6875
51700 -0.789062
51800 0.726562
51900 -0.546875
52000 0.15625
52100 0.28125
52200 -0.679688
52300 0.757812
52400 -0.492188
52500 -0.125
52600 0.648438
52700 -0.742188
52800 0.179688
52900 0.539062
53000 -0.757812
53100 0.101562
53200 0.664062
53300 -0.601562
53400 -0.34375
53500 0.75
53600 0.03125
53700 -0.789062
53800 0.078125
53900 0.765625
54000 -0.0625
54100 -0.789062
54200 -0.164062
54300 0.703125
54400 0.476562
54500 -0.4375
54600 -0.78125
54700 -0.195312
54800 0.578125
54900 0.734375
55000 0.203125
55100 -0.476562
55200 -0.789062
55300 -0.578125
55400 -0.0546875
55500 0.460938
55600 0.742188
55700 0.726562
55800 0.484375
55900 0.148438
56000 -0.195312
56100 -0.460938
56200 -0.640625
56300 -0.742188
56400 -0.789062
56500 -0.789062
56600 -0.789062
56700 -0.78125
56800 -0.78125
56900 -0.78125
57000 -0.789062
57100 -0.789062
57200 -0.75
57300 -0.65625
57400 -0.484375
57500 -0.21875
57600 0.117188
57700 0.460938
57800 0.710938
57900 0.75
58000 0.5
58100 -0.0078125
58200 -0.539062
58300 -0.789062
58400 -0.523438
58500 0.140625
58600 0.710938
58700 0.617188
58800 -0.125
58900 -0.757812
59000 -0.5
59100 0.40625
59200 0.734375
59300 -0.0703125
59400 -0.789062
59500 -0.164062
59600 0.742188
59700 0.179688
59800 -0.78125
59900 -0.0859375
60000 0.765625
60100 -0.234375
60200 -0.671875
60300 0.59375
60400 0.226562
60500 -0.789062
60600 0.429688
60700 0.3125
60800 -0.78125
60900 0.5625
61000 0.0234375
61100 -0.601562
61200 0.765625
61300 -0.578125
61400 0.117188
61500 0.3125
61600 -0.65625
61700 0.765625
61800 -0.75
61900 0.585938
62000 -0.414062
62100 0.195312
62200 -0.0546875
62300 -0.09375
62400 0.15625
62500 -0.21875
62600 0.195312
62700 -0.179688
62800 0.0703125
62900 0.03125
63000 -0.21875
63100 0.390625
63200 -0.609375
63300 0.726562
63400 -0.789062
63500 0.632812
63600 -0.34375
63700 -0.140625
63800 0.554688
63900 -0.789062
64000 0.585938
64100 -0.0546875
64200 -0.578125
64300 0.757812
64400 -0.335938
64500 -0.453125
64600 0.765625
64700 -0.257812
64800 -0.609375
64900 0.65625
65000 0.203125
65100 -0.789062
65200 0.0703125
65300 0.75
65400 -0.21875
65500 -0.765625
65600 0.148438
65700 0.765625
65800 0.0390625
65900 -0.765625
66000 -0.421875
66100 0.484375
66200 0.734375
66300 0.0859375
66400 -0.648438
66500 -0.726562
66600 -0.148438
66700 0.515625
66800 0.765625
66900 0.507812
67000 -0.0390625
67100 -0.53125
67200 -0.78125
67300 -0.726562
67400 -0.46875
67500 -0.117188
67600 0.210938
67700 0.476562
67800 0.640625
67900 0.734375
68000 0.765625
68100 0.765625
68200 0.757812
68300 0.75
68400 0.75
68500 0.757812
68600 0.765625
68700 0.765625
68800 0.726562
68900 0.632812
69000 0.460938
69100 0.195312
69200 -0.140625
69300 -0.492188
69400 -0.742188
69500 -0.773438
69600 -0.507812
69700 0
69800 0.539062
69900 0.765625
70000 0.476562
70100 -0.203125
70200 -0.742188
70300 -0.617188
70400 0.140625
70500 0.75
70600 0.4375
70700 -0.476562
70800 -0.742188
70900 0.109375
71000 0.765625
71100 0.0703125
71200 -0.78125
71300 -0.132812
71400 0.765625
71500 -0.0234375
71600 -0.78125
71700 0.289062
71800 0.601562
71900 -0.671875
72000 -0.15625
72100 0.75
72200 -0.539062
72300 -0.234375
72400 0.734375
72500 -0.65625
72600 0.0625
72700 0.5
72800 -0.789062
72900 0.632812
73000 -0.265625
73100 -0.21875
73200 0.546875
73300 -0.757812
73400 0.757812
73500 -0.6875
73600 0.507812
73700 -0.359375
73800 0.179688
73900 -0.0859375
74000 -0.0234375
74100 0.0390625
74200 -0.0625
74300 -0.0078125
74400 0.0703125
74500 -0.226562
74600 0.359375
74700 -0.554688
74800 0.6875
74900 -0.789062
75000 0.71875
75100 -0.53125
75200 0.132812
75300 0.304688
75400 -0.695312
75500 0.75
75600 -0.453125
75700 -0.179688
75800 0.679688
75900 -0.71875
76000 0.101562
76100 0.59375
76200 -0.726562
76300 0.0078125
76400 0.710938
76500 -0.523438
76600 -0.445312
76700 0.71875
76800 0.15625
76900 -0.789062
77000 -0.0625
77100 0.765625
77200 0.0859375
77300 -0.773438
77400 -0.320312
77500 0.617188
77600 0.601562
77700 -0.273438
77800 -0.789062
77900 -0.375
78000 0.421875
78100 0.765625
78200 0.398438
78300 -0.289062
78400 -0.742188
78500 -0.710938
78600 -0.289062
78700 0.25
78800 0.640625
78900 0.765625
79000 0.65625
79100 0.398438
79200 0.0859375
79300 -0.203125
79400 -0.429688
79500 -0.59375
79600 -0.6875
79700 -0.742188
79800 -0.765625
79900 -0.773438
80000 -0.773438
80100 -0.765625
80200 -0.734375
80300 -0.671875
80400 -0.5625
80500 -0.390625
80600 -0.148438
80700 0.148438
80800 0.460938
80900 0.703125
81000 0.765625
81100 0.570312
81200 0.132812
81300 -0.398438
81400 -0.757812
81500 -0.6875
81600 -0.140625
81700 0.53125
81800 0.757812
81900 0.265625
82000 -0.53125
82100 -0.757812
82200 -0.0703125
82300 0.710938
82400 0.460938
82500 -0.515625
82600 -0.679688
82700 0.328125
82800 0.703125
82900 -0.320312
83000 -0.710938
83100 0.421875
83200 0.554688
83300 -0.664062
83400 -0.25
83500 0.765625
83600 -0.320312
83700 -0.53125
83800 0.75
83900 -0.257812
84000 -0.484375
84100 0.765625
84200 -0.523438
84300 -0.078125
84400 0.570312
84500 -0.789062
84600 0.632812
84700 -0.296875
84800 -0.132812
84900 0.453125
85000 -0.695312
85100 0.765625
85200 -0.78125
85300 0.695312
85400 -0.632812
85500 0.53125
85600 -0.492188
85700 0.4375
85800 -0.46875
85900 0.484375
86000 -0.578125
86100 0.632812
86200 -0.742188
86300 0.765625
86400 -0.773438
86500 0.617188
86600 -0.390625
86700 -0.0078125
86800 0.390625
86900 -0.726562
87000 0.75
87100 -0.46875
87200 -0.125
87300 0.632812
87400 -0.765625
87500 0.273438
87600 0.4375
87700 -0.789062
87800 0.289062
87900 0.515625
88000 -0.742188
88100 -0.0546875
88200 0.75
88300 -0.320312
88400 -0.671875
88500 0.46875
88600 0.578125
88700 -0.515625
88800 -0.640625
88900 0.375
89000 0.726562
89100 -0.109375
89200 -0.78125
89300 -0.382812
89400 0.484375
89500 0.742188
89600 0.179688
89700 -0.554688
89800 -0.78125
89900 -0.382812
90000 0.265625
90100 0.703125
90200 0.726562
90300 0.382812
90400 -0.09375
90500 -0.515625
90600 -0.75
90700 -0.789062
90800 -0.671875
90900 -0.484375
91000 -0.265625
91100 -0.0625
91200 0.09375
91300 0.210938
91400 0.289062
91500 0.320312
91600 0.3125
91700 0.265625
91800 0.171875
91900 0.0390625
92000 -0.132812
92100 -0.34375
92200 -0.554688
92300 -0.726562
92400 -0.789062
92500 -0.6875
92600 -0.375
92700 0.0859375
92800 0.539062
92900 0.765625
93000 0.585938
93100 0.03125
93200 -0.585938
93300 -0.78125
93400 -0.320312
93500 0.453125
93600 0.757812
93700 0.1875
93800 -0.640625
93900 -0.640625
94000 0.265625
94100 0.757812
94200 -0.0234375
94300 -0.789062
94400 -0.109375
94500 0.765625
94600 0.03125
94700 -0.789062
94800 0.171875
94900 0.6875
95000 -0.546875
95100 -0.375
95200 0.765625
95300 -0.28125
95400 -0.53125
95500 0.757812
95600 -0.34375
95700 -0.367188
95800 0.75
95900 -0.671875
96000 0.195312
96100 0.3125
96200 -0.695312
96300 0.765625
96400 -0.65625
96500 0.351562
96600 -0.0625
96700 -0.242188
96800 0.4375
96900 -0.609375
97000 0.679688
97100 -0.75
97200 0.75
97300 -0.773438
97400 0.75
97500 -0.765625
97600 0.710938
97700 -0.664062
97800 0.53125
97900 -0.375
98000 0.101562
98100 0.179688
98200 -0.507812
98300 0.710938
98400 -0.78125
98500 0.539062
98600 -0.109375
98700 -0.445312
98800 0.75
98900 -0.648438
99000 0.046875
99100 0.578125
99200 -0.765625
99300 0.1875
99400 0.570312
99500 -0.726562
99600 -0.0546875
99700 0.742188
99800 -0.398438
99900 -0.601562
100000 0.585938
100100 0.4375
100200 -0.671875
100300 -0.4375
100400 0.609375
100500 0.53125
100600 -0.46875
100700 -0.734375
100800 0.078125
100900 0.75
101000 0.4375
101100 -0.390625
101200 -0.789062
101300 -0.421875
101400 0.304688
101500 0.742188
101600 0.632812
101700 0.117188
101800 -0.4375
101900 -0.757812
102000 -0.75
102100 -0.492188
102200 -0.109375
102300 0.25
102400 0.53125
102500 0.695312
102600 0.765625
102700 0.765625
102800 0.726562
102900 0.679688
103000 0.648438
103100 0.625
103200 0.632812
103300 0.664062
103400 0.703125
103500 0.75
103600 0.765625
103700 0.734375
103800 0.625
103900 0.398438
104000 0.0703125
104100 -0.3125
104200 -0.648438
104300 -0.789062
104400 -0.632812
104500 -0.164062
104600 0.414062
104700 0.757812
104800 0.578125
104900 -0.078125
105000 -0.695312
105100 -0.679688
105200 0.046875
105300 0.726562
105400 0.5
105500 -0.421875
105600 -0.757812
105700 0.0625
105800 0.765625
105900 0.101562
106000 -0.78125
106100 -0.148438
106200 0.765625
106300 -0.0234375
106400 -0.78125
106500 0.3125
106600 0.578125
106700 -0.6875
106800 -0.109375
106900 0.726562
107000 -0.585938
107100 -0.15625
107200 0.695312
107300 -0.703125
107400 0.179688
107500 0.398438
107600 -0.765625
107700 0.703125
107800 -0.398438
107900 -0.0546875
108000 0.421875
108100 -0.695312
108200 0.765625
108300 -0.765625
108400 0.640625
108500 -0.539062
108600 0.390625
108700 -0.3125
108800 0.21875
108900 -0.21875
109000 0.203125
109100 -0.28125
109200 0.34375
109300 -0.484375
109400 0.59375
109500 -0.734375
109600 0.765625
109700 -0.75
109800 0.539062
109900 -0.226562
110000 -0.226562
110100 0.59375
110200 -0.789062
110300 0.578125
110400 -0.078125
110500 -0.539062
110600 0.765625
110700 -0.4375
110800 -0.328125
110900 0.765625
111000 -0.4375
111100 -0.4375
111200 0.75
111300 -0.0859375
111400 -0.742188
111500 0.398438
111600 0.585938
111700 -0.5625
111800 -0.539062
111900 0.554688
112000 0.570312
112100 -0.460938
112200 -0.71875
112300 0.140625
112400 0.765625
112500 0.3125
112600 -0.539062
112700 -0.757812
112800 -0.179688
112900 0.546875
113000 0.757812
113100 0.351562
113200 -0.289062
113300 -0.726562
113400 -0.75
113500 -0.421875
113600 0.046875
113700 0.46875
113800 0.710938
113900 0.765625
114000 0.679688
114100 0.5
114200 0.296875
114300 0.109375
114400 -0.046875
114500 -0.15625
114600 -0.226562
114700 -0.25
114800 -0.242188
114900 -0.1875
115000 -0.0859375
115100 0.0546875
115200 0.234375
115300 0.4375
115400 0.625
115500 0.75
115600 0.75
115700 0.570312
115800 0.203125
115900 -0.273438
116000 -0.671875
116100 -0.78125
116200 -0.476562
116300 0.140625
116400 0.679688
116500 0.6875
116600 0.0859375
116700 -0.632812
116800 -0.710938
116900 0.015625
117000 0.726562
117100 0.445312
117200 -0.507812
117300 -0.703125
117400 0.257812
117500 0.742188
117600 -0.1875
117700 -0.765625
117800 0.234375
117900 0.695312
118000 -0.46875
118100 -0.515625
118200 0.703125
118300 0.046875
118400 -0.75
118500 0.539062
118600 0.203125
118700 -0.765625
118800 0.59375
118900 -0.0078125
119000 -0.601562
119100 0.765625
119200 -0.546875
119300 0.046875
119400 0.40625
119500 -0.71875
119600 0.765625
119700 -0.679688
119800 0.429688
119900 -0.203125
120000 -0.0625
120100 0.226562
120200 -0.390625
120300 0.460938
120400 -0.539062
120500 0.53125
120600 -0.546875
120700 0.476562
120800 -0.421875
120900 0.265625
121000 -0.109375
121100 -0.140625
121200 0.367188
121300 -0.625
121400 0.75
121500 -0.757812
121600 0.5
121700 -0.0859375
121800 -0.4375
121900 0.742188
122000 -0.695312
122100 0.164062
122200 0.46875
122300 -0.789062
122400 0.390625
122500 0.367188
122600 -0.789062
122700 0.273438
122800 0.570312
122900 -0.6875
123000 -0.234375
123100 0.765625
123200 -0.0546875
123300 -0.789062
123400 0.125
123500 0.757812
123600 -0.0703125
123700 -0.789062
123800 -0.195312
123900 0.679688
124000 0.53125
124100 -0.359375
124200 -0.789062
124300 -0.3125
124400 0.46875
124500 0.765625
124600 0.375
124700 -0.304688
124800 -0.75
124900 -0.71875
125000 -0.304688
125100 0.210938
125200 0.609375
125300 0.765625
125400 0.695312
125500 0.46875
125600 0.179688
125700 -0.09375
125800 -0.320312
125900 -0.492188
126000 -0.601562
126100 -0.664062
126200 -0.703125
126300 -0.710938
126400 -0.703125
126500 -0.671875
126600 -0.617188
126700 -0.515625
126800 -0.359375
126900 -0.140625
127000 0.125
127100 0.421875
127200 0.664062
127300 0.765625
127400 0.65625
127500 0.296875
127600 -0.210938
127700 -0.664062
127800 -0.78125
127900 -0.414062
128000 0.257812
128100 0.742188
128200 0.570312
128300 -0.171875
128400 -0.765625
128500 -0.5
128600 0.390625
128700 0.75
128800 -0.0078125
128900 -0.78125
129000 -0.273438
129100 0.703125
129200 0.328125
129300 -0.71875
129400 -0.28125
129500 0.75
129600 0.015625
129700 -0.773438
129800 0.359375
129900 0.507812
130000 -0.75
130100 0.09375
130200 0.609375
130300 -0.742188
130400 0.1875
130500 0.453125
130600 -0.789062
130700 0.585938
130800 -0.117188
130900 -0.414062
131000 0.703125
131100 -0.78125
131200 0.59375
131300 -0.328125
131400 0
131500 0.25
131600 -0.476562
131700 0.59375
131800 -0.703125
131900 0.71875
132000 -0.765625
132100 0.75
132200 -0.765625
132300 0.726562
132400 -0.710938
132500 0.609375
132600 -0.5
132700 0.273438
132800 -0.03125
132900 -0.296875
133000 0.570312
133100 -0.773438
133200 0.726562
133300 -0.460938
133400 -0.0625
133500 0.546875
133600 -0.789062
133700 0.507812
133800 0.117188
133900 -0.710938
134000 0.65625
134100 0.0078125
134200 -0.71875
134300 0.570312
134400 0.273438
134500 -0.789062
134600 0.125
134700 0.71875
134800 -0.390625
134900 -0.664062
135000 0.4375
135100 0.640625
135200 -0.390625
135300 -0.734375
135400 0.132812
135500 0.765625
135600 0.257812
135700 -0.609375
135800 -0.710938
135900 -0.0078125
136000 0.671875
136100 0.671875
136200 0.0859375
136300 -0.554688
136400 -0.789062
136500 -0.539062
136600 -0.0234375
136700 0.46875
136800 0.742188
136900 0.734375
137000 0.53125
137100 0.21875
137200 -0.09375
137300 -0.359375
137400 -0.546875
137500 -0.671875
137600 -0.734375
137700 -0.773438
137800 -0.78125
137900 -0.789062
138000 -0.78125
138100 -0.773438
138200 -0.742188
138300 -0.671875
138400 -0.554688
138500 -0.359375
138600 -0.101562
138700 0.210938
138800 0.523438
138900 0.734375
139000 0.742188
139100 0.484375
139200 -0.0078125
139300 -0.53125
139400 -0.789062
139500 -0.570312
139600 0.0625
139700 0.664062
139800 0.679688
139900 0.015625
140000 -0.695312
140100 -0.625
140200 0.226562
140300 0.765625
140400 0.164062
140500 -0.726562
140600 -0.421875
140700 0.617188
140800 0.46875
140900 -0.640625
141000 -0.421875
141100 0.703125
141200 0.164062
141300 -0.789062
141400 0.234375
141500 0.601562
141600 -0.703125
141700 -0.0390625
141800 0.679688
141900 -0.6875
142000 0.0703125
142100 0.539062
142200 -0.789062
142300 0.507812
142400 -0.0078125
142500 -0.5
142600 0.742188
142700 -0.757812
142800 0.53125
142900 -0.242188
143000 -0.09375
143100 0.328125
143200 -0.546875
143300 0.640625
143400 -0.734375
143500 0.742188
143600 -0.78125
143700 0.757812
143800 -0.78125
143900 0.742188
144000 -0.734375
144100 0.640625
144200 -0.539062
144300 0.320312
144400 -0.078125
144500 -0.257812
144600 0.539062
144700 -0.765625
144800 0.734375
144900 -0.484375
145000 -0.0390625
145100 0.53125
145200 -0.789062
145300 0.515625
145400 0.101562
145500 -0.710938
145600 0.664062
145700 0
145800 -0.71875
145900 0.570312
146000 0.273438
146100 -0.789062
146200 0.109375
146300 0.726562
146400 -0.375
146500 -0.671875
146600 0.421875
146700 0.65625
146800 -0.367188
146900 -0.75
147000 0.101562
147100 0.765625
147200 0.296875
147300 -0.578125
147400 -0.734375
147500 -0.0625
147600 0.640625
147700 0.703125
147800 0.148438
147900 -0.507812
148000 -0.789062
148100 -0.59375
148200 -0.09375
148300 0.40625
148400 0.710938
148500 0.757812
148600 0.585938
148700 0.304688
148800 0
148900 -0.265625
149000 -0.46875
149100 -0.609375
149200 -0.6875
149300 -0.734375
149400 -0.757812
149500 -0.765625
149600 -0.757812
149700 -0.734375
149800 -0.679688
149900 -0.59375
150000 -0.445312
150100 -0.234375
150200 0.0390625
150300 0.34375
150400 0.617188
150500 0.765625
150600 0.6875
150700 0.351562
150800 -0.164062
150900 -0.640625
151000 -0.78125
151100 -0.4375
151200 0.234375
151300 0.734375
151400 0.585938
151500 -0.164062
151600 -0.765625
151700 -0.492188
151800 0.40625
151900 0.742188
152000 -0.03125
152100 -0.78125
152200 -0.234375
152300 0.71875
152400 0.289062
152500 -0.742188
152600 -0.21875
152700 0.765625
152800 -0.0625
152900 -0.757812
153000 0.4375
153100 0.429688
153200 -0.78125
153300 0.195312
153400 0.539062
153500 -0.773438
153600 0.3125
153700 0.335938
153800 -0.765625
153900 0.671875
154000 -0.265625
154100 -0.273438
154200 0.625
154300 -0.789062
154400 0.6875
154500 -0.492188
154600 0.1875
154700 0.0625
154800 -0.304688
154900 0.445312
155000 -0.578125
155100 0.617188
155200 -0.671875
155300 0.65625
155400 -0.671875
155500 0.609375
155600 -0.554688
155700 0.414062
155800 -0.265625
155900 0.0078125
156000 0.242188
156100 -0.539062
156200 0.71875
156300 -0.78125
156400 0.570312
156500 -0.171875
156600 -0.367188
156700 0.71875
156800 -0.71875
156900 0.210938
157000 0.429688
157100 -0.789062
157200 0.414062
157300 0.351562
157400 -0.789062
157500 0.265625
157600 0.578125
157700 -0.671875
157800 -0.265625
157900 0.757812
158000 0
158100 -0.789062
158200 0.046875
158300 0.765625
158400 0.0234375
158500 -0.78125
158600 -0.304688
158700 0.617188
158800 0.617188
158900 -0.226562
159000 -0.789062
159100 -0.453125
159200 0.328125
159300 0.765625
159400 0.523438
159500 -0.109375
159600 -0.648438
159700 -0.78125
159800 -0.5
159900 -0.015625
160000 0.4375
160100 0.710938
160200 0.765625
160300 0.648438
160400 0.4375
160500 0.195312
160600 -0.03125
160700 -0.210938
160800 -0.34375
160900 -0.429688
161000 -0.476562
161100 -0.492188
161200 -0.46875
161300 -0.414062
161400 -0.3125
161500 -0.164062
161600 0.03125
161700 0.257812
161800 0.5
161900 0.695312
162000 0.765625
162100 0.65625
162200 0.320312
162300 -0.15625
162400 -0.609375
162500 -0.789062
162600 -0.539062
162700 0.078125
162800 0.648438
162900 0.710938
163000 0.117188
163100 -0.625
163200 -0.71875
163300 0.03125
163400 0.734375
163500 0.421875
163600 -0.546875
163700 -0.671875
163800 0.320312
163900 0.71875
164000 -0.28125
164100 -0.734375
164200 0.351562
164300 0.625
164400 -0.585938
164500 -0.382812
164600 0.757812
164700 -0.140625
164800 -0.664062
164900 0.664062
165000 -0.015625
165100 -0.664062
165200 0.71875
165300 -0.265625
165400 -0.382812
165500 0.734375
165600 -0.71875
165700 0.34375
165800 0.09375
165900 -0.515625
166000 0.71875
166100 -0.789062
166200 0.679688
166300 -0.539062
166400 0.335938
166500 -0.1875
166600 0.0234375
166700 0.0546875
166800 -0.132812
166900 0.125
167000 -0.117188
167100 0.0234375
167200 0.0625
167300 -0.242188
167400 0.398438
167500 -0.601562
167600 0.71875
167700 -0.789062
167800 0.65625
167900 -0.390625
168000 -0.0625
168100 0.492188
168200 -0.78125
168300 0.648438
168400 -0.179688
168500 -0.476562
168600 0.765625
168700 -0.484375
168800 -0.289062
168900 0.765625
169000 -0.445312
169100 -0.445312
169200 0.75
169300 -0.046875
169400 -0.765625
169500 0.335938
169600 0.640625
169700 -0.484375
169800 -0.625
169900 0.445312
170000 0.65625
170100 -0.3125
170200 -0.78125
170300 -0.0625
170400 0.71875
170500 0.507812
170600 -0.328125
170700 -0.789062
170800 -0.4375
170900 0.304688
171000 0.75
171100 0.601562
171200 0.046875
171300 -0.515625
171400 -0.78125
171500 -0.695312
171600 -0.351562
171700 0.078125
171800 0.4375
171900 0.671875
172000 0.765625
172100 0.75
172200 0.671875
172300 0.5625
172400 0.460938
172500 0.375
172600 0.328125
172700 0.320312
172800 0.34375
172900 0.40625
173000 0.5
173100 0.609375
173200 0.710938
173300 0.765625
173400 0.742188
173500 0.585938
173600 0.296875
173700 -0.101562
173800 -0.515625
173900 -0.773438
174000 -0.710938
174100 -0.296875
174200 0.3125
174300 0.734375
174400 0.625
174500 -0.0078125
174600 -0.671875
174700 -0.695312
174800 0.0390625
174900 0.726562
175000 0.476562
175100 -0.460938
175200 -0.734375
175300 0.148438
175400 0.765625
175500 -0.0234375
175600 -0.789062
175700 0.015625
175800 0.765625
175900 -0.226562
176000 -0.703125
176100 0.515625
176200 0.375
176300 -0.78125
176400 0.195312
176500 0.570312
176600 -0.757812
176700 0.203125
176800 0.46875
176900 -0.789062
177000 0.53125
177100 -0.015625
177200 -0.523438
177300 0.757812
177400 -0.726562
177500 0.429688
177600 -0.0859375
177700 -0.28125
177800 0.515625
177900 -0.703125
178000 0.75
178100 -0.789062
178200 0.75
178300 -0.75
178400 0.710938
178500 -0.726562
178600 0.71875
178700 -0.765625
178800 0.765625
178900 -0.789062
179000 0.726562
179100 -0.632812
179200 0.398438
179300 -0.117188
179400 -0.273438
179500 0.585938
179600 -0.789062
179700 0.664062
179800 -0.289062
179900 -0.304688
180000 0.710938
180100 -0.710938
180200 0.140625
180300 0.53125
180400 -0.773438
180500 0.210938
180600 0.570312
180700 -0.71875
180800 -0.09375
180900 0.757812
181000 -0.320312
181100 -0.664062
181200 0.492188
181300 0.546875
181400 -0.5625
181500 -0.585938
181600 0.460938
181700 0.671875
181800 -0.234375
181900 -0.789062
182000 -0.226562
182100 0.609375
182200 0.671875
182300 -0.03125
182400 -0.695312
182500 -0.703125
182600 -0.132812
182700 0.507812
182800 0.765625
182900 0.5625
183000 0.0703125
183100 -0.421875
183200 -0.726562
183300 -0.78125
183400 -0.632812
183500 -0.367188
183600 -0.078125
183700 0.179688
183800 0.382812
183900 0.523438
184000 0.617188
184100 0.664062
184200 0.695312
184300 0.695312
184400 0.679688
184500 0.640625
184600 0.570312
184700 0.453125
184800 0.273438
184900 0.0390625
185000 -0.25
185100 -0.53125
185200 -0.742188
185300 -0.78125
185400 -0.585938
185500 -0.15625
185600 0.367188
185700 0.734375
185800 0.679688
185900 0.164062
186000 -0.507812
186100 -0.789062
186200 -0.367188
186300 0.429688
186400 0.757812
186500 0.171875
186600 -0.664062
186700 -0.601562
186800 0.351562
186900 0.734375
187000 -0.164062
187100 -0.789062
187200 0.0859375
187300 0.757812
187400 -0.210938
187500 -0.726562
187600 0.445312
187700 0.484375
187800 -0.742188
187900 -0.015625
188000 0.703125
188100 -0.625
188200 -0.125
188300 0.695312
188400 -0.703125
188500 0.148438
188600 0.4375
188700 -0.78125
188800 0.664062
188900 -0.304688
189000 -0.1875
189100 0.53125
189200 -0.757812
189300 0.757812
189400 -0.6875
189500 0.492188
189600 -0.328125
189700 0.140625
189800 -0.03125
189900 -0.0859375
190000 0.109375
190100 -0.140625
190200 0.0859375
190300 -0.03125
190400 -0.109375
190500 0.25
190600 -0.453125
190700 0.609375
190800 -0.757812
190900 0.765625
191000 -0.648438
191100 0.304688
191200 0.117188
191300 -0.578125
191400 0.765625
191500 -0.617188
191600 0.0546875
191700 0.53125
191800 -0.789062
191900 0.359375
192000 0.382812
192100 -0.789062
192200 0.445312
192300 0.203125
192400 -0.71875
192500 0.71875
192600 -0.351562
192700 -0.203125
192800 0.59375
192900 -0.789062
193000 0.695312
193100 -0.492188
193200 0.171875
193300 0.09375
193400 -0.351562
193500 0.5
193600 -0.632812
193700 0.671875
193800 -0.726562
193900 0.71875
194000 -0.742188
194100 0.695312
194200 -0.679688
194300 0.570312
194400 -0.460938
194500 0.25
194600 -0.015625
194700 -0.304688
194800 0.5625
194900 -0.773438
195000 0.734375
195100 -0.484375
195200 -0.015625
195300 0.5
195400 -0.789062
195500 0.5625
195600 0.0234375
195700 -0.65625
195800 0.710938
195900 -0.117188
196000 -0.648438
196100 0.664062
196200 0.117188
196300 -0.78125
196400 0.296875
196500 0.625
196600 -0.554688
196700 -0.515625
196800 0.601562
196900 0.476562
197000 -0.585938
197100 -0.601562
197200 0.390625
197300 0.734375
197400 -0.03125
197500 -0.757812
197600 -0.515625
197700 0.3125
197800 0.765625
197900 0.445312
198000 -0.273438
198100 -0.75
198200 -0.6875
198300 -0.195312
198400 0.367188
198500 0.71875
198600 0.742188
198700 0.5
198800 0.132812
198900 -0.234375
199000 -0.523438
199100 -0.703125
199200 -0.78125
199300 -0.789062
199400 -0.757812
199500 -0.71875
199600 -0.6875
199700 -0.671875
199800 -0.671875
199900 -0.703125
200000 -0.742188
200100 -0.78125
200200 -0.789062
200300 -0.757812
200400 -0.632812
200500 -0.40625
200600 -0.078125
200700 0.304688
200800 0.632812
200900 0.765625
201000 0.601562
201100 0.132812
201200 -0.445312
201300 -0.78125
201400 -0.601562
201500 0.0546875
201600 0.671875
201700 0.65625
201800 -0.0625
201900 -0.742188
202000 -0.523438
202100 0.390625
202200 0.742188
202300 -0.0703125
202400 -0.789062
202500 -0.140625
202600 0.75
202700 0.140625
202800 -0.789062
202900 -0.015625
203000 0.757812
203100 -0.3125
203200 -0.617188
203300 0.65625
203400 0.109375
203500 -0.757812
203600 0.539062
203700 0.164062
203800 -0.734375
203900 0.664062
204000 -0.164062
204100 -0.453125
204200 0.75
204300 -0.710938
204400 0.335938
204500 0.078125
204600 -0.484375
204700 0.695312
204800 -0.789062
204900 0.726562
205000 -0.632812
205100 0.476562
205200 -0.359375
205300 0.234375
205400 -0.1875
205500 0.132812
205600 -0.164062
205700 0.195312
205800 -0.304688
205900 0.40625
206000 -0.570312
206100 0.679688
206200 -0.78125
206300 0.75
206400 -0.617188
206500 0.273438
206600 0.125
206700 -0.5625
206800 0.765625
206900 -0.65625
207000 0.140625
207100 0.445312
207200 -0.789062
207300 0.492188
207400 0.210938
207500 -0.773438
207600 0.492188
207700 0.328125
207800 -0.789062
207900 0.164062
208000 0.679688
208100 -0.507812
208200 -0.539062
208300 0.609375
208400 0.429688
208500 -0.648438
208600 -0.507812
208700 0.523438
208800 0.640625
208900 -0.28125
209000 -0.789062
209100 -0.226562
209200 0.601562
209300 0.695312
209400 0.03125
209500 -0.648438
209600 -0.742188
209700 -0.257812
209800 0.382812
209900 0.75
210000 0.671875
210100 0.28125
210200 -0.210938
210300 -0.59375
210400 -0.773438
210500 -0.765625
210600 -0.617188
210700 -0.40625
210800 -0.179688
210900 0.015625
211000 0.171875
211100 0.28125
211200 0.34375
211300 0.375
211400 0.359375
211500 0.3125
211600 0.21875
211700 0.0859375
211800 -0.09375
211900 -0.3125
212000 -0.539062
212100 -0.71875
212200 -0.789062
212300 -0.6875
212400 -0.382812
212500 0.078125
212600 0.539062
212700 0.765625
212800 0.578125
212900 0.015625
213000 -0.601562
213100 -0.773438
213200 -0.289062
213300 0.484375
213400 0.75
213500 0.148438
213600 -0.671875
213700 -0.609375
213800 0.320312
213900 0.75
214000 -0.0859375
214100 -0.789062
214200 -0.0390625
214300 0.765625
214400 -0.0546875
214500 -0.78125
214600 0.265625
214700 0.632812
214800 -0.617188
214900 -0.273438
215000 0.765625
215100 -0.390625
215200 -0.429688
215300 0.765625
215400 -0.460938
215500 -0.234375
215600 0.695312
215700 -0.742188
215800 0.335938
215900 0.164062
216000 -0.601562
216100 0.765625
216200 -0.734375
216300 0.5
216400 -0.242188
216500 -0.0625
216600 0.265625
216700 -0.46875
216800 0.5625
216900 -0.65625
217000 0.664062
217100 -0.703125
217200 0.671875
217300 -0.671875
217400 0.585938
217500 -0.507812
217600 0.335938
217700 -0.140625
217800 -0.148438
217900 0.414062
218000 -0.679688
218100 0.765625
218200 -0.6875
218300 0.320312
218400 0.164062
218500 -0.648438
218600 0.757812
218700 -0.4375
218800 -0.25
218900 0.726562
219000 -0.625
219100 -0.125
219200 0.726562
219300 -0.539062
219400 -0.367188
219500 0.757812
219600 -0.078125
219700 -0.765625
219800 0.3125
219900 0.671875
220000 -0.421875
220100 -0.6875
220200 0.335938
220300 0.726562
220400 -0.125
220500 -0.789062
220600 -0.296875
220700 0.570312
220800 0.695312
220900 -0.0078125
221000 -0.695312
221100 -0.695312
221200 -0.101562
221300 0.539062
221400 0.765625
221500 0.5
221600 -0.03125
221700 -0.515625
221800 -0.773438
221900 -0.75
222000 -0.523438
222100 -0.195312
222200 0.125
222300 0.382812
222400 0.570312
222500 0.679688
222600 0.734375
222700 0.757812
222800 0.765625
222900 0.765625
223000 0.765625
223100 0.765625
223200 0.75
223300 0.695312
223400 0.601562
223500 0.4375
223600 0.195312
223700 -0.109375
223800 -0.445312
223900 -0.703125
224000 -0.789062
224100 -0.609375
224200 -0.164062
224300 0.382812
224400 0.742188
224500 0.648438
224600 0.078125
224700 -0.585938
224800 -0.765625
224900 -0.21875
225000 0.5625
225100 0.703125
225200 -0.0625
225300 -0.773438
225400 -0.382812
225500 0.59375
225600 0.5625
225700 -0.484375
225800 -0.648438
225900 0.453125
226000 0.578125
226100 -0.601562
226200 -0.414062
226300 0.734375
226400 -0.0078125
226500 -0.75
226600 0.515625
226700 0.273438
226800 -0.789062
226900 0.492188
227000 0.1875
227100 -0.726562
227200 0.695312
227300 -0.28125
227400 -0.304688
227500 0.671875
227600 -0.789062
227700 0.585938
227800 -0.28125
227900 -0.101562
228000 0.382812
228100 -0.617188
228200 0.710938
228300 -0.789062
228400 0.765625
228500 -0.773438
228600 0.734375
228700 -0.75
228800 0.734375
228900 -0.773438
229000 0.765625
229100 -0.789062
229200 0.726562
229300 -0.640625
229400 0.429688
229500 -0.164062
229600 -0.210938
229700 0.53125
229800 -0.773438
229900 0.710938
230000 -0.398438
230100 -0.179688
230200 0.640625
230300 -0.765625
230400 0.3125
230500 0.375
230600 -0.789062
230700 0.414062
230800 0.390625
230900 -0.789062
231000 0.164062
231100 0.664062
231200 -0.5625
231300 -0.453125
231400 0.6875
231500 0.273438
231600 -0.75
231700 -0.289062
231800 0.695312
231900 0.414062
232000 -0.578125
232100 -0.671875
232200 0.203125
232300 0.765625
232400 0.34375
232500 -0.476562
232600 -0.789062
232700 -0.34375
232800 0.375
232900 0.757812
233000 0.59375
233100 0.0625
233200 -0.476562
233300 -0.765625
233400 -0.742188
233500 -0.46875
233600 -0.09375
233700 0.257812
233800 0.53125
233900 0.6875
234000 0.757812
234100 0.765625
234200 0.734375
234300 0.703125
234400 0.671875
234500 0.65625
234600 0.664062
234700 0.695312
234800 0.734375
234900 0.765625
235000 0.765625
235100 0.703125
235200 0.546875
235300 0.289062
235400 -0.0546875
235500 -0.4375
235600 -0.71875
235700 -0.78125
235800 -0.523438
235900 0.0078125
236000 0.546875
236100 0.765625
236200 0.4375
236300 -0.265625
236400 -0.773438
236500 -0.546875
236600 0.257812
236700 0.765625
236800 0.296875
236900 -0.609375
237000 -0.648438
237100 0.3125
237200 0.734375
237300 -0.171875
237400 -0.78125
237500 0.148438
237600 0.734375
237700 -0.328125
237800 -0.65625
237900 0.570312
238000 0.3125
238100 -0.789062
238200 0.242188
238300 0.539062
238400 -0.765625
238500 0.21875
238600 0.460938
238700 -0.789062
238800 0.523438
238900 0.015625
239000 -0.554688
239100 0.765625
239200 -0.695312
239300 0.367188
239400 0
239500 -0.367188
239600 0.59375
239700 -0.75
239800 0.765625
239900 -0.773438
240000 0.710938
240100 -0.6875
240200 0.625
240300 -0.640625
240400 0.625
240500 -0.679688
240600 0.710938
240700 -0.773438
240800 0.765625
240900 -0.75
241000 0.59375
241100 -0.375
241200 0.0078125
241300 0.351562
241400 -0.695312
241500 0.765625
241600 -0.5625
241700 0.03125
241800 0.507812
241900 -0.789062
242000 0.476562
242100 0.195312
242200 -0.757812
242300 0.554688
242400 0.21875
242500 -0.789062
242600 0.335938
242700 0.554688
242800 -0.671875
242900 -0.296875
243000 0.75
243100 0.117188
243200 -0.789062
243300 -0.140625
243400 0.75
243500 0.28125
243600 -0.671875
243700 -0.578125
243800 0.335938
243900 0.765625
244000 0.21875
244100 -0.578125
244200 -0.757812
244300 -0.226562
244400 0.476562
244500 0.765625
244600 0.515625
244700 -0.046875
244800 -0.5625
244900 -0.789062
245000 -0.695312
245100 -0.382812
245200 0
245300 0.34375
245400 0.59375
245500 0.726562
245600 0.765625
245700 0.757812
245800 0.710938
245900 0.664062
246000 0.632812
246100 0.617188
246200 0.632812
246300 0.664062
246400 0.710938
246500 0.757812
246600 0.765625
246700 0.71875
246800 0.578125
246900 0.328125
247000 -0.015625
247100 -0.40625
247200 -0.703125
247300 -0.78125
247400 -0.539062
247500 -0.015625
247600 0.539062
247700 0.765625
247800 0.445312
247900 -0.257812
248000 -0.773438
248100 -0.546875
248200 0.257812
248300 0.765625
248400 0.289062
248500 -0.609375
248600 -0.640625
248700 0.328125
248800 0.734375
248900 -0.195312
249000 -0.773438
249100 0.171875
249200 0.726562
249300 -0.359375
249400 -0.632812
249500 0.601562
249600 0.273438
249700 -0.789062
249800 0.289062
249900 0.5
250000 -0.78125
250100 0.273438
250200 0.414062
250300 -0.789062
250400 0.570312
250500 -0.0546875
250600 -0.492188
250700 0.75
250800 -0.734375
250900 0.4375
251000 -0.09375
251100 -0.28125
251200 0.523438
251300 -0.710938
251400 0.757812
251500 -0.789062
251600 0.742188
251700 -0.734375
251800 0.6875
251900 -0.703125
252000 0.6875
252100 -0.734375
252200 0.75
252300 -0.789062
252400 0.75
252500 -0.695312
252600 0.5
252700 -0.242188
252800 -0.140625
252900 0.476562
253000 -0.75
253100 0.734375
253200 -0.4375
253300 -0.132812
253400 0.617188
253500 -0.773438
253600 0.335938
253700 0.359375
253800 -0.789062
253900 0.414062
254000 0.382812
254100 -0.789062
254200 0.15625
254300 0.671875
254400 -0.546875
254500 -0.476562
254600 0.671875
254700 0.3125
254800 -0.726562
254900 -0.34375
255000 0.664062
255100 0.46875
255200 -0.523438
255300 -0.710938
255400 0.117188
255500 0.757812
255600 0.429688
255700 -0.390625
255800 -0.789062
255900 -0.445312
256000 0.257812
256100 0.726562
256200 0.671875
256300 0.210938
256400 -0.34375
256500 -0.710938
256600 -0.78125
256700 -0.59375
256800 -0.265625
256900 0.078125
257000 0.375
257100 0.585938
257200 0.703125
257300 0.757812
257400 0.765625
257500 0.757812
257600 0.75
257700 0.75
257800 0.75
257900 0.765625
258000 0.765625
258100 0.75
258200 0.6875
258300 0.546875
258400 0.328125
258500 0.015625
258600 -0.335938
258700 -0.648438
258800 -0.789062
258900 -0.664062
259000 -0.242188
259100 0.320312
259200 0.726562
259300 0.671875
259400 0.117188
259500 -0.5625
259600 -0.773438
259700 -0.234375
259800 0.5625
259900 0.695312
260000 -0.078125
260100 -0.773438
260200 -0.351562
260300 0.617188
260400 0.523438
260500 -0.539062
260600 -0.601562
260700 0.523438
260800 0.507812
260900 -0.664062
261000 -0.3125
261100 0.757812
261200 -0.132812
261300 -0.6875
261400 0.617188
261500 0.125
261600 -0.742188
261700 0.609375
261800 0
261900 -0.625
262000 0.757812
262100 -0.46875
262200 -0.0859375
262300 0.53125
262400 -0.78125
262500 0.71875
262600 -0.507812
262700 0.171875
262800 0.117188
262900 -0.390625
263000 0.546875
263100 -0.679688
263200 0.71875
263300 -0.773438
263400 0.757812
263500 -0.789062
263600 0.757812
263700 -0.765625
263800 0.710938
263900 -0.65625
264000 0.507812
264100 -0.328125
264200 0.03125
264300 0.257812
264400 -0.585938
264500 0.75
264600 -0.742188
264700 0.421875
264800 0.0625
264900 -0.59375
265000 0.765625
265100 -0.492188
265200 -0.195312
265300 0.710938
265400 -0.640625
265500 -0.109375
265600 0.726562
265700 -0.53125
265800 -0.390625
265900 0.75
266000 -0.03125
266100 -0.773438
266200 0.242188
266300 0.703125
266400 -0.335938
266500 -0.734375
266600 0.21875
266700 0.757812
266800 0.0234375
266900 -0.757812
267000 -0.453125
267100 0.4375
267200 0.757812
267300 0.203125
267400 -0.554688
267500 -0.78125
267600 -0.34375
267700 0.328125
267800 0.734375
267900 0.679688
268000 0.265625
268100 -0.242188
268200 -0.632812
268300 -0.789062
268400 -0.726562
268500 -0.523438
268600 -0.25
268700 0.015625
268800 0.234375
268900 0.398438
269000 0.507812
269100 0.578125
269200 0.617188
269300 0.625
269400 0.609375
269500 0.5625
269600 0.476562
269700 0.34375
269800 0.164062
269900 -0.078125
270000 -0.351562
270100 -0.601562
270200 -0.773438
270300 -0.757812
270400 -0.515625
270500 -0.0703125
270600 0.4375
270700 0.75
270800 0.640625
270900 0.101562
271000 -0.546875
271100 -0.78125
271200 -0.320312
271300 0.460938
271400 0.75
271500 0.132812
271600 -0.6875
271700 -0.585938
271800 0.375
271900 0.726562
272000 -0.179688
272100 -0.78125
272200 0.0859375
272300 0.757812
272400 -0.210938
272500 -0.734375
272600 0.429688
272700 0.5
272800 -0.726562
272900 -0.046875
273000 0.71875
273100 -0.59375
273200 -0.164062
273300 0.710938
273400 -0.671875
273500 0.0859375
273600 0.492188
273700 -0.789062
273800 0.625
273900 -0.226562
274000 -0.265625
274100 0.59375
274200 -0.78125
274300 0.742188
274400 -0.625
274500 0.40625
274600 -0.226562
274700 0.0234375
274800 0.09375
274900 -0.210938
275000 0.234375
275100 -0.273438
275200 0.21875
275300 -0.171875
275400 0.0390625
275500 0.09375
275600 -0.3125
275700 0.492188
275800 -0.695312
275900 0.765625
276000 -0.734375
276100 0.46875
276200 -0.0703125
276300 -0.429688
276400 0.726562
276500 -0.726562
276600 0.257812
276700 0.359375
276800 -0.78125
276900 0.539062
277000 0.171875
277100 -0.765625
277200 0.5
277300 0.335938
277400 -0.789062
277500 0.117188
277600 0.710938
277700 -0.429688
277800 -0.609375
277900 0.53125
278000 0.546875
278100 -0.539062
278200 -0.640625
278300 0.359375
278400 0.734375
278500 -0.0390625
278600 -0.765625
278700 -0.476562
278800 0.375
278900 0.765625
279000 0.351562
279100 -0.390625
279200 -0.789062
279300 -0.585938
279400 -0.0078125
279500 0.53125
279600 0.765625
279700 0.640625
279800 0.273438
279900 -0.148438
280000 -0.5
280100 -0.71875
280200 -0.789062
280300 -0.757812
280400 -0.664062
280500 -0.554688
280600 -0.445312
280700 -0.367188
280800 -0.320312
280900 -0.304688
281000 -0.335938
281100 -0.398438
281200 -0.5
281300 -0.609375
281400 -0.71875
281500 -0.789062
281600 -0.773438
281700 -0.632812
281800 -0.34375
281900 0.0625
282000 0.476562
282100 0.742188
282200 0.695312
282300 0.289062
282400 -0.320312
282500 -0.757812
282600 -0.65625
282700 -0.0234375
282800 0.648438
282900 0.671875
283000 -0.0546875
283100 -0.75
283200 -0.5
283300 0.4375
283400 0.710938
283500 -0.171875
283600 -0.789062
283700 0.0078125
283800 0.765625
283900 -0.0546875
284000 -0.78125
284100 0.21875
284200 0.671875
284300 -0.546875
284400 -0.382812
284500 0.765625
284600 -0.234375
284700 -0.578125
284800 0.742188
284900 -0.25
285000 -0.46875
285100 0.765625
285200 -0.578125
285300 0.0234375
285400 0.476562
285500 -0.773438
285600 0.71875
285700 -0.484375
285800 0.101562
285900 0.21875
286000 -0.507812
286100 0.65625
286200 -0.765625
286300 0.765625
286400 -0.789062
286500 0.742188
286600 -0.75
286700 0.726562
286800 -0.757812
286900 0.757812
287000 -0.789062
287100 0.757812
287200 -0.726562
287300 0.570312
287400 -0.367188
287500 0.0234375
287600 0.3125
287700 -0.648438
287800 0.765625
287900 -0.648438
288000 0.195312
288100 0.351562
288200 -0.757812
288300 0.648438
288400 -0.0859375
288500 -0.609375
288600 0.726562
288700 -0.148438
288800 -0.648438
288900 0.648438
289000 0.15625
289100 -0.789062
289200 0.210938
289300 0.6875
289400 -0.4375
289500 -0.632812
289600 0.460938
289700 0.625
289800 -0.398438
289900 -0.742188
290000 0.109375
290100 0.765625
290200 0.304688
290300 -0.5625
290400 -0.742188
290500 -0.101562
290600 0.609375
290700 0.726562
290800 0.226562
290900 -0.4375
291000 -0.78125
291100 -0.664062
291200 -0.21875
291300 0.289062
291400 0.648438
291500 0.765625
291600 0.679688
291700 0.460938
291800 0.1875
291900 -0.0703125
292000 -0.28125
292100 -0.4375
292200 -0.546875
292300 -0.609375
292400 -0.640625
292500 -0.640625
292600 -0.625
292700 -0.570312
292800 -0.484375
292900 -0.34375
293000 -0.148438
293100 0.09375
293200 0.367188
293300 0.617188
293400 0.757812
293500 0.71875
293600 0.4375
293700 -0.03125
293800 -0.53125
293900 -0.789062
294000 -0.609375
294100 -0.015625
294200 0.601562
294300 0.734375
294400 0.179688
294500 -0.585938
294600 -0.734375
294700 -0.015625
294800 0.726562
294900 0.4375
295000 -0.53125
295100 -0.671875
295200 0.320312
295300 0.710938
295400 -0.296875
295500 -0.726562
295600 0.375
295700 0.601562
295800 -0.609375
295900 -0.335938
296000 0.765625
296100 -0.210938
296200 -0.617188
296300 0.703125
296400 -0.109375
296500 -0.601562
296600 0.75
296700 -0.375
296800 -0.273438
296900 0.6875
297000 -0.765625
297100 0.46875
297200 -0.0625
297300 -0.375
297400 0.640625
297500 -0.78125
297600 0.75
297700 -0.671875
297800 0.5
297900 -0.382812
298000 0.234375
298100 -0.171875
298200 0.101562
298300 -0.117188
298400 0.132812
298500 -0.234375
298600 0.320312
298700 -0.484375
298800 0.609375
298900 -0.75
299000 0.765625
299100 -0.710938
299200 0.445312
299300 -0.0859375
299400 -0.382812
299500 0.695312
299600 -0.765625
299700 0.398438
299800 0.179688
299900 -0.710938
300000 0.6875
300100 -0.125
300200 -0.609375
300300 0.710938
300400 -0.0625
300500 -0.71875
300600 0.539062
300700 0.375
300800 -0.757812
300900 -0.109375
301000 0.765625
301100 -0.0546875
301200 -0.789062
301300 0
301400 0.765625
301500 0.179688
301600 -0.710938
301700 -0.53125
301800 0.382812
301900 0.757812
302000 0.195312
302100 -0.585938
302200 -0.765625
302300 -0.25
302400 0.445312
302500 0.765625
302600 0.5625
302700 0.0390625
302800 -0.484375
302900 -0.765625
303000 -0.75
303100 -0.507812
303200 -0.164062
303300 0.171875
303400 0.445312
303500 0.625
303600 0.726562
303700 0.765625
303800 0.765625
303900 0.757812
304000 0.75
304100 0.75
304200 0.757812
304300 0.765625
304400 0.765625
304500 0.734375
304600 0.648438
304700 0.484375
304800 0.234375
304900 -0.09375
305000 -0.445312
305100 -0.71875
305200 -0.78125
305300 -0.5625
305400 -0.0703125
305500 0.476562
305600 0.765625
305700 0.546875
305800 -0.101562
305900 -0.703125
306000 -0.679688
306100 0.03125
306200 0.710938
306300 0.53125
306400 -0.367188
306500 -0.78125
306600 -0.03125
306700 0.757812
306800 0.226562
306900 -0.742188
307000 -0.296875
307100 0.726562
307200 0.15625
307300 -0.789062
307400 0.109375
307500 0.703125
307600 -0.539062
307700 -0.351562
307800 0.765625
307900 -0.359375
308000 -0.4375
308100 0.765625
308200 -0.492188
308300 -0.171875
308400 0.65625
308500 -0.773438
308600 0.460938
308700 -0.0078125
308800 -0.453125
308900 0.703125
309000 -0.789062
309100 0.671875
309200 -0.507812
309300 0.257812
309400 -0.0703125
309500 -0.117188
309600 0.226562
309700 -0.328125
309800 0.34375
309900 -0.375
310000 0.3125
310100 -0.257812
310200 0.117188
310300 0.0234375
310400 -0.257812
310500 0.453125
310600 -0.671875
310700 0.765625
310800 -0.742188
310900 0.476562
311000 -0.0703125
311100 -0.429688
311200 0.734375
311300 -0.710938
311400 0.226562
311500 0.398438
311600 -0.789062
311700 0.492188
311800 0.242188
311900 -0.78125
312000 0.421875
312100 0.429688
312200 -0.765625
312300 -0.0078125
312400 0.75
312500 -0.3125
312600 -0.695312
312700 0.398438
312800 0.648438
312900 -0.390625
313000 -0.734375
313100 0.171875
313200 0.765625
313300 0.171875
313400 -0.671875
313500 -0.640625
313600 0.140625
313700 0.734375
313800 0.5625
313900 -0.125
314000 -0.695312
314100 -0.742188
314200 -0.304688
314300 0.273438
314400 0.679688
314500 0.757812
314600 0.554688
314700 0.195312
314800 -0.179688
314900 -0.484375
315000 -0.679688
315100 -0.773438
315200 -0.789062
315300 -0.765625
315400 -0.71875
315500 -0.679688
315600 -0.65625
315700 -0.648438
315800 -0.671875
315900 -0.71875
316000 -0.757812
316100 -0.789062
316200 -0.78125
316300 -0.6875
316400 -0.5
316500 -0.195312
316600 0.179688
316700 0.539062
316800 0.757812
316900 0.6875
317000 0.296875
317100 -0.28125
317200 -0.726562
317300 -0.710938
317400 -0.164062
317500 0.539062
317600 0.75
317700 0.179688
317800 -0.617188
317900 -0.695312
318000 0.132812
318100 0.765625
318200 0.226562
318300 -0.710938
318400 -0.4375
318500 0.617188
318600 0.453125
318700 -0.664062
318800 -0.367188
318900 0.734375
319000 0.0625
319100 -0.78125
319200 0.367188
319300 0.484375
319400 -0.765625
319500 0.171875
319600 0.546875
319700 -0.78125
319800 0.328125
319900 0.304688
320000 -0.75
320100 0.703125
320200 -0.351562
320300 -0.164062
320400 0.546875
320500 -0.773438
320600 0.742188
320700 -0.617188
320800 0.367188
320900 -0.15625
321000 -0.078125
321100 0.21875
321200 -0.359375
321300 0.414062
321400 -0.46875
321500 0.445312
321600 -0.429688
321700 0.335938
321800 -0.242188
321900 0.046875
322000 0.140625
322100 -0.398438
322200 0.601562
322300 -0.773438
322400 0.742188
322500 -0.5625
322600 0.125
322700 0.34375
322800 -0.734375
322900 0.71875
323000 -0.3125
323100 -0.367188
323200 0.757812
323300 -0.554688
323400 -0.21875
323500 0.75
323600 -0.484375
323700 -0.414062
323800 0.75
323900 -0.0546875
324000 -0.765625
324100 0.3125
324200 0.664062
324300 -0.445312
324400 -0.664062
324500 0.382812
324600 0.703125
324700 -0.210938
324800 -0.789062
324900 -0.195312
325000 0.648438
325100 0.625
325200 -0.15625
325300 -0.757812
325400 -0.59375
325500 0.0859375
325600 0.664062
325700 0.726562
325800 0.304688
325900 -0.273438
326000 -0.6875
326100 -0.789062
326200 -0.601562
326300 -0.257812
326400 0.117188
326500 0.421875
326600 0.632812
326700 0.742188
326800 0.765625
326900 0.75
327000 0.71875
327100 0.6875
327200 0.664062
327300 0.664062
327400 0.6875
327500 0.71875
327600 0.757812
327700 0.765625
327800 0.734375
327900 0.617188
328000 0.398438
328100 0.078125
328200 -0.296875
328300 -0.632812
328400 -0.789062
328500 -0.65625
328600 -0.210938
328700 0.359375
328800 0.742188
328900 0.625
329000 0.015625
329100 -0.648438
329200 -0.726562
329300 -0.0703125
329400 0.671875
329500 0.59375
329600 -0.296875
329700 -0.789062
329800 -0.101562
329900 0.742188
330000 0.273438
330100 -0.726562
330200 -0.328125
330300 0.71875
330400 0.179688
330500 -0.789062
330600 0.09375
330700 0.703125
330800 -0.539062
330900 -0.351562
331000 0.765625
331100 -0.375
331200 -0.414062
331300 0.765625
331400 -0.523438
331500 -0.125
331600 0.625
331700 -0.78125
331800 0.507812
331900 -0.078125
332000 -0.390625
332100 0.664062
332200 -0.789062
332300 0.710938
332400 -0.578125
332500 0.359375
332600 -0.1875
332700 0
332800 0.101562
332900 -0.203125
333000 0.21875
333100 -0.234375
333200 0.171875
333300 -0.109375
333400 -0.046875
333500 0.195312
333600 -0.414062
333700 0.585938
333800 -0.757812
333900 0.765625
334000 -0.648438
334100 0.296875
334200 0.140625
334300 -0.601562
334400 0.765625
334500 -0.578125
334600 -0.015625
334700 0.585938
334800 -0.773438
334900 0.265625
335000 0.476562
335100 -0.78125
335200 0.171875
335300 0.625
335400 -0.640625
335500 -0.296875
335600 0.757812
335700 -0.0078125
335800 -0.789062
335900 0.101562
336000 0.765625
336100 -0.0703125
336200 -0.789062
336300 -0.171875
336400 0.695312
336500 0.492188
336600 -0.40625
336700 -0.78125
336800 -0.234375
336900 0.539062
337000 0.75
337100 0.265625
337200 -0.421875
337300 -0.78125
337400 -0.632812
337500 -0.148438
337600 0.382812
337700 0.710938
337800 0.757812
337900 0.578125
338000 0.265625
338100 -0.0546875
338200 -0.335938
338300 -0.546875
338400 -0.671875
338500 -0.75
338600 -0.78125
338700 -0.789062
338800 -0.789062
338900 -0.789062
339000 -0.789062
339100 -0.773438
339200 -0.734375
339300 -0.648438
339400 -0.5
339500 -0.273438
339600 0.0234375
339700 0.351562
339800 0.640625
339900 0.765625
340000 0.648438
340100 0.257812
340200 -0.289062
340300 -0.71875
340400 -0.742188
340500 -0.257812
340600 0.429688
340700 0.765625
340800 0.375
340900 -0.4375
341000 -0.78125
341100 -0.1875
341200 0.65625
341300 0.546875
341400 -0.429688
341500 -0.726562
341600 0.21875
341700 0.742188
341800 -0.21875
341900 -0.75
342000 0.320312
342100 0.625
342200 -0.59375
342300 -0.351562
342400 0.765625
342500 -0.21875
342600 -0.601562
342700 0.71875
342800 -0.15625
342900 -0.5625
343000 0.765625
343100 -0.445312
343200 -0.179688
343300 0.632812
343400 -0.789062
343500 0.570312
343600 -0.203125
343700 -0.226562
343800 0.523438
343900 -0.734375
344000 0.765625
344100 -0.757812
344200 0.648438
344300 -0.570312
344400 0.460938
344500 -0.421875
344600 0.367188
344700 -0.390625
344800 0.414062
344900 -0.507812
345000 0.585938
345100 -0.703125
345200 0.75
345300 -0.789062
345400 0.664062
345500 -0.460938
345600 0.078125
345700 0.320312
345800 -0.6875
345900 0.765625
346000 -0.53125
346100 -0.046875
346200 0.585938
346300 -0.78125
346400 0.34375
346500 0.375
346600 -0.789062
346700 0.359375
346800 0.460938
346900 -0.757812
347000 0.015625
347100 0.734375
347200 -0.382812
347300 -0.632812
347400 0.523438
347500 0.539062
347600 -0.5625
347700 -0.601562
347800 0.429688
347900 0.695312
348000 -0.171875
348100 -0.789062
348200 -0.328125
348300 0.53125
348400 0.726562
348500 0.125
348600 -0.59375
348700 -0.773438
348800 -0.328125
348900 0.320312
349000 0.726562
349100 0.703125
349200 0.335938
349300 -0.148438
349400 -0.546875
349500 -0.765625
349600 -0.78125
349700 -0.648438
349800 -0.4375
349900 -0.21875
350000 -0.015625
350100 0.140625
350200 0.257812
350300 0.328125
350400 0.359375
350500 0.351562
350600 0.304688
350700 0.21875
350800 0.0859375
350900 -0.09375
351000 -0.304688
351100 -0.53125
351200 -0.710938
351300 -0.789062
351400 -0.703125
351500 -0.40625
351600 0.046875
351700 0.515625
351800 0.765625
351900 0.609375
352000 0.0625
352100 -0.5625
352200 -0.78125
352300 -0.34375
352400 0.429688
352500 0.765625
352600 0.210938
352700 -0.625
352800 -0.65625
352900 0.25
353000 0.765625
353100 0
353200 -0.789062
353300 -0.132812
353400 0.757812
353500 0.046875
353600 -0.789062
353700 0.15625
353800 0.695312
353900 -0.53125
354000 -0.390625
354100 0.765625
354200 -0.265625
354300 -0.539062
354400 0.757812
354500 -0.335938
354600 -0.375
354700 0.75
354800 -0.671875
354900 0.1875
355000 0.320312
355100 -0.695312
355200 0.765625
355300 -0.648438
355400 0.351562
355500 -0.0625
355600 -0.242188
355700 0.4375
355800 -0.609375
355900 0.679688
356000 -0.75
356100 0.742188
356200 -0.773438
356300 0.75
356400 -0.757812
356500 0.703125
356600 -0.664062
356700 0.523438
356800 -0.367188
356900 0.09375
357000 0.1875
357100 -0.515625
357200 0.71875
357300 -0.78125
357400 0.53125
357500 -0.09375
357600 -0.460938
357700 0.757812
357800 -0.640625
357900 0.03125
358000 0.59375
358100 -0.757812
358200 0.164062
358300 0.585938
358400 -0.71875
358500 -0.078125
358600 0.75
358700 -0.375
358800 -0.617188
358900 0.570312
359000 0.453125
359100 -0.65625
359200 -0.460938
359300 0.59375
359400 0.554688
359500 -0.445312
359600 -0.742188
359700 0.046875
359800 0.742188
359900 0.46875
360000 -0.359375
360100 -0.789062
360200 -0.445312
360300 0.265625
360400 0.734375
360500 0.65625
360600 0.15625
360700 -0.40625
360800 -0.742188
360900 -0.765625
361000 -0.523438
361100 -0.15625
361200 0.210938
361300 0.5
361400 0.671875
361500 0.757812
361600 0.765625
361700 0.742188
361800 0.703125
361900 0.671875
362000 0.65625
362100 0.664062
362200 0.6875
362300 0.726562
362400 0.757812
362500 0.765625
362600 0.71875
362700 0.585938
362800 0.351562
362900 0.015625
363000 -0.367188
363100 -0.679688
363200 -0.789062
363300 -0.59375
363400 -0.101562
363500 0.46875
363600 0.765625
363700 0.53125
363800 -0.140625
363900 -0.726562
364000 -0.648438
364100 0.109375
364200 0.742188
364300 0.445312
364400 -0.476562
364500 -0.734375
364600 0.125
364700 0.765625
364800 0.03125
364900 -0.789062
365000 -0.078125
365100 0.765625
365200 -0.101562
365300 -0.757812
365400 0.382812
365500 0.523438
365600 -0.726562
365700 -0.03125
365800 0.695312
365900 -0.640625
366000 -0.0703125
366100 0.664062
366200 -0.742188
366300 0.257812
366400 0.328125
366500 -0.734375
366600 0.734375
366700 -0.476562
366800 0.03125
366900 0.34375
367000 -0.640625
367100 0.75
367200 -0.78125
367300 0.6875
367400 -0.601562
367500 0.46875
367600 -0.398438
367700 0.304688
367800 -0.304688
367900 0.296875
368000 -0.367188
368100 0.429688
368200 -0.5625
368300 0.648438
368400 -0.765625
368500 0.765625
368600 -0.710938
368700 0.460938
368800 -0.125
368900 -0.328125
369000 0.65625
369100 -0.789062
369200 0.507812
369300 0.03125
369400 -0.617188
369500 0.757812
369600 -0.34375
369700 -0.421875
369800 0.765625
369900 -0.34375
370000 -0.523438
370100 0.71875
370200 0.0234375
370300 -0.773438
370400 0.296875
370500 0.65625
370600 -0.476562
370700 -0.625
370800 0.460938
370900 0.640625
371000 -0.359375
371100 -0.765625
371200 0.0234375
371300 0.742188
371400 0.421875
371500 -0.4375
371600 -0.789062
371700 -0.296875
371800 0.453125
371900 0.765625
372000 0.460938
372100 -0.164062
372200 -0.664062
372300 -0.78125
372400 -0.53125
372500 -0.0859375
372600 0.351562
372700 0.648438
372800 0.765625
372900 0.726562
373000 0.59375
373100 0.421875
373200 0.242188
373300 0.09375
373400 -0.015625
373500 -0.0859375
373600 -0.117188
373700 -0.101562
373800 -0.046875
373900 0.0546875
374000 0.195312
374100 0.367188
374200 0.546875
374300 0.695312
374400 0.765625
374500 0.703125
374600 0.460938
374700 0.0546875
374800 -0.40625
374900 -0.742188
375000 -0.742188
375100 -0.34375
375200 0.289062
375300 0.734375
375400 0.609375
375500 -0.0703125
375600 -0.71875
375700 -0.632812
375800 0.179688
375900 0.765625
376000 0.304688
376100 -0.625
376200 -0.609375
376300 0.40625
376400 0.6875
376500 -0.34375
376600 -0.710938
376700 0.382812
376800 0.601562
376900 -0.59375
377000 -0.382812
377100 0.757812
377200 -0.125
377300 -0.679688
377400 0.648438
377500 0.0390625
377600 -0.695312
377700 0.6875
377800 -0.179688
377900 -0.46875
378000 0.757812
378100 -0.664062
378200 0.21875
378300 0.242188
378400 -0.625
378500 0.757812
378600 -0.75
378700 0.570312
378800 -0.375
378900 0.125
379000 0.046875
379100 -0.21875
379200 0.304688
379300 -0.382812
379400 0.382812
379500 -0.390625
379600 0.320312
379700 -0.25
379800 0.0859375
379900 0.078125
380000 -0.320312
380100 0.523438
380200 -0.726562
380300 0.765625
380400 -0.679688
380500 0.335938
380600 0.109375
380700 -0.585938
380800 0.765625
380900 -0.578125
381000 -0.03125
381100 0.609375
381200 -0.757812
381300 0.210938
381400 0.53125
381500 -0.757812
381600 0.078125
381700 0.6875
381800 -0.554688
381900 -0.421875
382000 0.71875
382100 0.15625
382200 -0.789062
382300 -0.0859375
382400 0.765625
382500 0.140625
382600 -0.75
382700 -0.390625
382800 0.5625
382900 0.664062
383000 -0.148438
383100 -0.773438
383200 -0.5
383300 0.28125
383400 0.757812
383500 0.546875
383600 -0.0859375
383700 -0.640625
383800 -0.78125
383900 -0.5
